17875 - Design load
1 0 0 0 1 0 0 0 0 1 20 2 0 0 0 0
283.5     1.025     9.80665   122010.
0.1000    0.9999    9.3800
7.1800    1.2577    11.7000
21.4000   0.8863    11.7000
35.5000   0.8400    11.7000
44.0500   0.8802    11.7000
46.4000   0.9410    11.7000
46.4000   0.9806    11.7000
46.4000   0.9922    11.7000
46.4000   0.9929    11.7000
46.4000   0.9929    11.7000
46.4000   0.9929    11.7000
46.4000   0.9929    11.7000
46.4000   0.9929    11.7000
46.4000   0.9929    11.7000
46.4000   0.9891    11.7000
46.4000   0.9684    11.7000
46.4000   0.9116    11.7000
44.8500   0.7966    11.7000
39.8000   0.6443    11.7000
31.0000   0.4137    11.2700
17.3600   0.6471    1.1100
1.00      20.00
78.38     144.5
         0        10         1
1.0       50.00     700.00    50.00      5.000    10.000    5.000
0.0850
180.0     360.0     30.0
0
-1.0
/*
//
