18120 - Ballast load
 1 0 0-3 1 0-1 0 1 1 0 020 2
          283.5     1.025     9.80665   95915. 
3.3800    0.9027    7.0800
8.9500    1.0396    9.4000
21.6600   0.8479    9.4000
34.4800   0.8282    9.4000
43.0900   0.8729    9.4000
46.0900   0.9336    9.4000
46.4000   0.9759    9.4000
46.4000   0.9902    9.4000
46.4000   0.9911    9.4000
46.4000   0.9911    9.4000
46.4000   0.9911    9.4000
46.4000   0.9911    9.4000
46.4000   0.9911    9.4000
46.4000   0.9911    9.4000
46.4000   0.9865    9.4000
46.4000   0.9607    9.4000
46.0600   0.8970    9.4000
42.9400   0.7854    9.4000
35.3500   0.6422    9.4000
22.8000   0.4044    8.9500
0.0       0.9999    0.0
5.58      19.49     0.018
70.88     -1.40
        10        10        10
   1    20.0    6.0     8.0    
         1
143.15    0.0       15.0


1.0       -3.2      1.2       0.1
0.077
120.0     180.0     30.0
         32.5  5.00 7.5   
          6.6  9.80 9.8 
-1.0
